############################################################
##                    Author: Alok Jha                    ##
##             email-Id: jhaalok1984_at_gmail.com         ##
##            2-D Neutron Diffusion Equation Solver       ##
##            Steady State Diffusion Equation Solver      ##
############################################################
    0.970044     0.988451      0.98601     0.987016     0.986849     0.986849     0.986849     0.986849     0.986849     0.986849     0.987016     0.985845     0.990581     0.975458 
    0.987687     0.984536     0.984747     0.984357      0.98523     0.985105     0.985105     0.985105     0.985105      0.98523     0.984548     0.984585     0.986734       0.9804 
    0.984179     0.982791      0.98114     0.991161     0.990985     0.991382      0.99134      0.99134     0.991382     0.990985     0.991354     0.981552     0.984987     0.977299 
    0.984134     0.981889      0.98128     0.990244     0.991117     0.991387     0.991345     0.991345     0.991387     0.991117     0.990437     0.981691     0.984658     0.977256 
    0.983902     0.981657     0.980923     0.990409     0.991154     0.991425     0.991383     0.991383     0.991425     0.991154     0.990602     0.981334     0.984427     0.977215 
    0.983902     0.981657     0.980923     0.990409     0.991154     0.991425     0.991383     0.991383     0.991425     0.991154     0.991129     0.981854     0.984949      0.97773 
    0.984654     0.982412     0.981803      0.99077     0.991642     0.991913     0.991871     0.991871     0.991913     0.992696     0.992004     0.984299     0.987877      0.97943 
    0.985604     0.985269     0.983623     0.993664     0.993486     0.993883     0.993841     0.993841      0.99441     0.994003     0.996488      0.98788     0.991301     0.982019 
    0.995029     0.993197     0.993963     0.993572     0.994446      0.99432      0.99432      0.99432      0.99432     0.995493     0.995428     0.996494            1     0.988823 
    0.980168     0.989205     0.987183     0.988202     0.988035     0.988035     0.988035     0.988035     0.988035     0.988035     0.988726     0.988792     0.991344     0.971798 
