1     0.95682
2     0.94795
3      0.9457
4     0.94467
5     0.94458
6     0.94524
7     0.94652
8     0.94832
9     0.95056
10     0.95319
11     0.95615
12     0.95941
13     0.96294
14     0.96671
15     0.97071
16     0.97492
17     0.97924
18     0.98358
19     0.98783
20     0.99193
21     0.99579
22     0.99937
23      1.0026
24      1.0055
25      1.0079
26        1.01
27      1.0116
28      1.0129
29      1.0137
30      1.0141
31      1.0141
32      1.0137
33       1.013
34       1.012
35      1.0107
36      1.0092
37      1.0074
38      1.0055
39      1.0034
40      1.0011
41     0.99881
42     0.99641
43     0.99398
44     0.99154
45     0.98912
46     0.98674
47     0.98442
48     0.98218
49     0.98004
50     0.97801
51     0.97611
52     0.97436
53     0.97275
54      0.9713
55     0.97002
56     0.96888
57     0.96789
58     0.96705
59     0.96634
60     0.96577
61     0.96532
62       0.965
63      0.9648
64     0.96471
65     0.96474
66     0.96488
67     0.96512
68     0.96547
69     0.96592
70     0.96647
71     0.96712
72     0.96786
73     0.96869
74     0.96961
75     0.97062
76     0.97172
77      0.9729
78     0.97416
79     0.97548
80     0.97686
81      0.9783
82     0.97977
83     0.98127
84      0.9828
85     0.98434
86     0.98588
87     0.98741
88     0.98894
89     0.99044
90     0.99192
91     0.99336
92     0.99475
93      0.9961
94      0.9974
95     0.99863
96      0.9998
97      1.0009
98      1.0019
99      1.0029
100      1.0037
101      1.0045
102      1.0052
103      1.0058
104      1.0063
105      1.0068
106      1.0071
107      1.0074
108      1.0075
109      1.0076
110      1.0076
111      1.0075
112      1.0073
113       1.007
114      1.0067
115      1.0062
116      1.0057
117      1.0052
118      1.0045
119      1.0039
120      1.0031
121      1.0023
122      1.0014
123      1.0005
124     0.99957
125     0.99858
126     0.99756
127     0.99651
128     0.99544
129     0.99435
130     0.99324
131     0.99212
132       0.991
133     0.98987
134     0.98874
135     0.98762
136     0.98651
137     0.98541
138     0.98433
139     0.98327
140     0.98223
141     0.98122
142     0.98024
143     0.97929
144     0.97838
145     0.97751
146     0.97668
147     0.97589
148     0.97514
149     0.97444
150     0.97379
151     0.97319
152     0.97264
153     0.97214
154     0.97169
155     0.97129
156     0.97095
157     0.97066
158     0.97041
159     0.97022
160     0.97008
161     0.96998
162     0.96993
