1     0.95682
2     0.94788
3     0.94553
4     0.94433
5     0.94402
6     0.94442
7     0.94541
8     0.94689
9     0.94878
10     0.95104
11      0.9536
12     0.95645
13     0.95955
14     0.96288
15     0.96641
16     0.97013
17     0.97403
18     0.97807
19     0.98216
20     0.98621
21     0.99013
22     0.99387
23     0.99737
24      1.0006
25      1.0035
26       1.006
27      1.0081
28      1.0099
29      1.0113
30      1.0123
31      1.0129
32      1.0131
33       1.013
34      1.0126
35      1.0118
36      1.0108
37      1.0095
38       1.008
39      1.0062
40      1.0043
41      1.0023
42      1.0001
43     0.99791
44     0.99562
45     0.99329
46     0.99096
47     0.98865
48     0.98638
49     0.98416
50     0.98203
51     0.97998
52     0.97804
53     0.97623
54     0.97454
55       0.973
56      0.9716
57     0.97035
58     0.96923
59     0.96824
60     0.96738
61     0.96665
62     0.96603
63     0.96553
64     0.96514
65     0.96486
66     0.96469
67     0.96461
68     0.96464
69     0.96476
70     0.96498
71     0.96529
72     0.96568
73     0.96617
74     0.96674
75     0.96739
76     0.96812
77     0.96893
78     0.96982
79     0.97079
80     0.97183
81     0.97294
82     0.97413
83     0.97538
84     0.97668
85     0.97804
86     0.97943
87     0.98085
88      0.9823
89     0.98376
90     0.98523
91     0.98669
92     0.98815
93     0.98959
94     0.99101
95      0.9924
96     0.99375
97     0.99506
98     0.99632
99     0.99752
100     0.99867
101     0.99976
102      1.0008
103      1.0017
104      1.0026
105      1.0034
106      1.0041
107      1.0048
108      1.0053
109      1.0058
110      1.0062
111      1.0065
112      1.0067
113      1.0068
114      1.0069
115      1.0068
116      1.0067
117      1.0065
118      1.0063
119      1.0059
120      1.0055
121      1.0051
122      1.0045
123      1.0039
124      1.0032
125      1.0025
126      1.0017
127      1.0009
128           1
129     0.99914
130      0.9982
131     0.99723
132     0.99623
133      0.9952
134     0.99416
135      0.9931
136     0.99203
137     0.99095
138     0.98987
139     0.98878
140     0.98771
141     0.98664
142     0.98558
143     0.98454
144     0.98351
145     0.98251
146     0.98153
147     0.98058
148     0.97965
149     0.97876
150     0.97791
151     0.97709
152     0.97631
153     0.97558
154     0.97488
155     0.97423
156     0.97363
157     0.97307
158     0.97256
159      0.9721
160     0.97169
161     0.97132
162       0.971
163     0.97072
164     0.97048
165     0.97029
166     0.97015
167     0.97004
168     0.96998
169     0.96996
170     0.96998
171     0.97004
172     0.97014
173     0.97028
174     0.97046
175     0.97068
176     0.97094
177     0.97123
178     0.97157
179     0.97194
180     0.97234
181     0.97279
182     0.97327
183     0.97378
184     0.97433
185     0.97492
186     0.97553
187     0.97617
188     0.97684
189     0.97753
190     0.97825
191     0.97898
192     0.97974
193     0.98051
194     0.98129
195     0.98209
196      0.9829
197     0.98371
198     0.98453
199     0.98536
200     0.98619
201     0.98701
202     0.98784
203     0.98866
204     0.98948
205     0.99028
206     0.99108
207     0.99186
208     0.99264
209     0.99339
210     0.99413
211     0.99486
212     0.99556
213     0.99624
214      0.9969
215     0.99753
216     0.99814
217     0.99872
218     0.99927
219      0.9998
220      1.0003
221      1.0008
222      1.0012
223      1.0016
224       1.002
225      1.0023
226      1.0026
227      1.0029
228      1.0031
229      1.0033
230      1.0035
231      1.0036
232      1.0037
233      1.0038
234      1.0038
