    0.966724     0.957089     0.958016     0.957822     0.957822     0.957822     0.957822     0.957822     0.957822     0.957822     0.957113     0.957398     0.952792     0.975684 
    0.956107     0.948303     0.948336     0.950613     0.950667     0.950667     0.950667     0.950667     0.950667     0.950292      0.94991     0.946053     0.944131     0.961117 
    0.955482     0.945781     0.948689     0.948706     0.950914     0.951129     0.951129     0.951129     0.951004     0.950791     0.947286     0.946783     0.940858     0.960992 
    0.953418     0.943521      0.94663     0.948984     0.951993     0.952206     0.952332     0.952332     0.952206     0.951616     0.948438     0.944813     0.939589     0.959383 
    0.952314     0.941942     0.945136     0.948451     0.951455     0.952045      0.95217      0.95217     0.952045     0.951455     0.947901     0.944439     0.938849      0.95901 
    0.951789     0.941197     0.944762      0.94795     0.951329     0.951919     0.952045     0.952045     0.951919     0.951329     0.947776     0.944314     0.938724     0.958888 
    0.951337     0.940744     0.943934     0.947406     0.950409     0.950999     0.951125     0.951125     0.950999     0.950409     0.947232     0.943611     0.938396      0.95856 
    0.952188     0.940081     0.943591     0.943946     0.947269     0.947482     0.947608     0.947608     0.947482     0.947269     0.943772     0.943268     0.941897     0.964681 
    0.952956     0.944338     0.943273      0.94684     0.947045     0.947421     0.947421     0.947421     0.947421     0.947045     0.946666     0.947111       0.9489     0.964268 
    0.983667     0.973015     0.974863     0.974513     0.975047     0.975047     0.975047     0.975047     0.975047     0.975047     0.974336     0.976342     0.974646            1 
