############################################################
##                    Author: Alok Jha                    ##
##             email-Id: jhaalok1984_at_gmail.com         ##
##            2-D Neutron Diffusion Equation Solver       ##
##            Steady State Diffusion Equation Solver      ##
############################################################
    0.966724     0.957089      0.95798     0.957822     0.957822     0.957822     0.957488     0.957358     0.953167     0.975684 
    0.956107     0.948356     0.950306     0.950667     0.950667     0.950667     0.949961     0.949146     0.944182     0.961492 
    0.955696     0.947838     0.948564     0.950759     0.951129     0.951004     0.950461     0.946653     0.944038     0.961208 
    0.953628      0.94638     0.948503     0.951838     0.952206     0.952206     0.951286     0.947811     0.942442     0.959974 
    0.952899     0.944796     0.947974       0.9513     0.952045     0.952045     0.951125     0.947273     0.942077     0.959601 
    0.952374     0.944426     0.947473     0.951175     0.951919     0.951919     0.950999     0.947148     0.941952     0.959479 
    0.951922     0.943598     0.946929     0.950255     0.950999     0.950999     0.950079     0.946604     0.941248     0.959151 
    0.952398     0.943255     0.943471     0.947114     0.947482     0.947482     0.946939     0.943147     0.945074     0.964897 
    0.953331     0.944389     0.946361     0.946892     0.947421     0.947421     0.946717     0.950202     0.948951     0.964647 
    0.983667     0.973392     0.974832      0.97489     0.975047     0.975047     0.974713     0.976311     0.975028            1 
