############################################################
##                    Author: Alok Jha                    ##
##             email-Id: jhaalok1984_at_gmail.com         ##
##            2-D Neutron Diffusion Equation Solver       ##
##            Steady State Diffusion Equation Solver      ##
############################################################
    0.969152     0.987414     0.985577     0.985979     0.985938     0.985938     0.985979     0.985412     0.989541     0.974558 
     0.98665     0.984543      0.98327     0.984361     0.984195     0.984195     0.984553     0.983107     0.986738      0.97937 
    0.983665     0.981753     0.990065     0.990111     0.990467     0.990467     0.990303     0.990479     0.983946     0.976793 
    0.983495      0.98189     0.989149     0.990243     0.990472     0.990472     0.990435     0.989563     0.984657     0.976625 
    0.983262     0.981534     0.989313      0.99028      0.99051      0.99051     0.990472     0.989727       0.9843     0.976584 
    0.983262     0.981534     0.989313      0.99028      0.99051      0.99051     0.990472     0.990253     0.984822     0.977099 
    0.984014     0.982413     0.989675     0.990768     0.990997     0.990997     0.992013     0.991132      0.98788     0.978796 
    0.985088     0.984226     0.992566      0.99261     0.992965     0.993492      0.99332     0.996876     0.989725     0.981513 
    0.993986     0.993195     0.992474     0.993569     0.993402     0.993402     0.995437     0.993953            1     0.987785 
    0.979262     0.988166     0.986751     0.987164     0.987122     0.987122     0.987164     0.988363     0.990302       0.9709 
